[[ 0.00000000e+00  7.25921042e-04  7.25921042e-04  0.00000000e+00
   0.00000000e+00  0.00000000e+00  0.00000000e+00  0.00000000e+00
   0.00000000e+00  7.25921042e-05  5.75304196e-04  5.75304196e-04
   2.90368417e-04]
 [ 8.22511517e-05  0.00000000e+00  0.00000000e+00  0.00000000e+00
   0.00000000e+00  8.22511517e-05  0.00000000e+00  0.00000000e+00
   0.00000000e+00  8.22511517e-06  6.62847516e-05  6.62847516e-05
   3.29004607e-05]
 [ 0.00000000e+00  0.00000000e+00  0.00000000e+00  0.00000000e+00
   0.00000000e+00  0.00000000e+00  0.00000000e+00  0.00000000e+00
   0.00000000e+00  0.00000000e+00  0.00000000e+00  0.00000000e+00
   0.00000000e+00]
 [ 0.00000000e+00  0.00000000e+00  0.00000000e+00  0.00000000e+00
   0.00000000e+00  0.00000000e+00  0.00000000e+00  0.00000000e+00
   0.00000000e+00  0.00000000e+00  0.00000000e+00  0.00000000e+00
   0.00000000e+00]
 [ 0.00000000e+00  0.00000000e+00  0.00000000e+00  0.00000000e+00
   0.00000000e+00  0.00000000e+00  0.00000000e+00  0.00000000e+00
   0.00000000e+00  0.00000000e+00  0.00000000e+00  0.00000000e+00
   0.00000000e+00]
 [ 0.00000000e+00  0.00000000e+00  0.00000000e+00  0.00000000e+00
   0.00000000e+00  0.00000000e+00  0.00000000e+00  0.00000000e+00
   0.00000000e+00  0.00000000e+00  0.00000000e+00  0.00000000e+00
   0.00000000e+00]
 [ 0.00000000e+00  0.00000000e+00  0.00000000e+00  0.00000000e+00
   0.00000000e+00  0.00000000e+00  0.00000000e+00  0.00000000e+00
   0.00000000e+00  0.00000000e+00  0.00000000e+00  0.00000000e+00
   0.00000000e+00]
 [ 0.00000000e+00  0.00000000e+00  0.00000000e+00  0.00000000e+00
   0.00000000e+00  0.00000000e+00  0.00000000e+00  0.00000000e+00
   0.00000000e+00  0.00000000e+00  0.00000000e+00  0.00000000e+00
   0.00000000e+00]
 [ 0.00000000e+00  0.00000000e+00  0.00000000e+00  0.00000000e+00
   0.00000000e+00  0.00000000e+00  0.00000000e+00  0.00000000e+00
   0.00000000e+00  0.00000000e+00  0.00000000e+00  0.00000000e+00
   0.00000000e+00]
 [ 0.00000000e+00  0.00000000e+00  0.00000000e+00  0.00000000e+00
   0.00000000e+00  0.00000000e+00  0.00000000e+00  0.00000000e+00
   0.00000000e+00  0.00000000e+00  0.00000000e+00  0.00000000e+00
   0.00000000e+00]
 [ 1.21161993e-03  0.00000000e+00  0.00000000e+00  0.00000000e+00
   0.00000000e+00  0.00000000e+00  0.00000000e+00  0.00000000e+00
   0.00000000e+00  2.66785100e-04  1.42671841e-03  1.27960952e-03
   4.72384236e-04]
 [ 9.29728292e-05  8.80964305e-04  0.00000000e+00  1.12610261e-04
   0.00000000e+00  0.00000000e+00  0.00000000e+00  0.00000000e+00
   0.00000000e+00  1.27874627e-04  6.92270596e-04  6.44032321e-04
   2.49011552e-04]
 [ 2.64028867e-05  6.04273540e-05  2.64028867e-05  0.00000000e+00
   0.00000000e+00  0.00000000e+00  0.00000000e+00  0.00000000e+00
   0.00000000e+00  6.24943755e-06  5.11331865e-05  4.13420309e-05
   1.47066506e-05]
 [ 6.60791677e-04  3.30395839e-04  3.30395839e-04 -4.72525064e-05
   0.00000000e+00  0.00000000e+00  0.00000000e+00  0.00000000e+00
   0.00000000e+00  1.20390159e-04  2.90500987e-04  2.23826829e-04
   1.58052891e-04]
 [ 0.00000000e+00  0.00000000e+00  0.00000000e+00  0.00000000e+00
   0.00000000e+00  0.00000000e+00  0.00000000e+00  0.00000000e+00
   0.00000000e+00  0.00000000e+00  0.00000000e+00  0.00000000e+00
   0.00000000e+00]
 [ 2.82165948e-04  1.41082974e-04 -3.25887153e-05 -6.51774305e-05
   0.00000000e+00  0.00000000e+00  0.00000000e+00  0.00000000e+00
   0.00000000e+00  2.62168021e-05  1.03084015e-04  5.15124315e-05
   4.10694177e-05]
 [ 1.06103050e-05  1.06103050e-05  0.00000000e+00  0.00000000e+00
   0.00000000e+00  0.00000000e+00  0.00000000e+00  0.00000000e+00
   0.00000000e+00  1.80375185e-06  7.20252471e-06  3.08322981e-06
   2.12206101e-06]
 [ 0.00000000e+00  3.15586027e-04  3.15586027e-04  1.01418256e-04
   0.00000000e+00  0.00000000e+00  0.00000000e+00  0.00000000e+00
   0.00000000e+00  3.81002061e-05  2.31543771e-04  2.31543771e-04
   8.34794785e-05]
 [ 2.31030691e-03  5.77559679e-03  2.82366739e-03 -2.77486696e-03
   2.29153459e-04  6.12525185e-03 -7.07660271e-04  5.21031106e-04
   4.25587330e-03 -3.91145403e-02 -1.96211997e-02  2.72654776e-02
  -2.89256373e-02]]